0 0 0 0 0 0 0 1
0 0 0 0 0 0 0 -1
0 0 0 0 0 0 1 0
0 0 0 0 0 0 -1 0
0 0 0 0 0 0 7.071068e-01 7.071068e-01
0 0 0 0 0 0 -7.071068e-01 -7.071068e-01
0 0 0 0 0 1 0 0
0 0 0 0 0 -1 0 0
0 0 0 0 0 7.071068e-01 0 7.071068e-01
0 0 0 0 0 -7.071068e-01 0 -7.071068e-01
0 0 0 0 0 7.071068e-01 7.071068e-01 0
0 0 0 0 0 -7.071068e-01 -7.071068e-01 0
0 0 0 0 0 5.773503e-01 5.773503e-01 5.773503e-01
0 0 0 0 0 -5.773503e-01 -5.773503e-01 -5.773503e-01
0 0 0 0 1 0 0 0
0 0 0 0 -1 0 0 0
0 0 0 0 7.071068e-01 0 0 7.071068e-01
0 0 0 0 -7.071068e-01 0 0 -7.071068e-01
0 0 0 0 7.071068e-01 0 7.071068e-01 0
0 0 0 0 -7.071068e-01 0 -7.071068e-01 0
0 0 0 0 5.773503e-01 0 5.773503e-01 5.773503e-01
0 0 0 0 -5.773503e-01 0 -5.773503e-01 -5.773503e-01
0 0 0 0 7.071068e-01 7.071068e-01 0 0
0 0 0 0 -7.071068e-01 -7.071068e-01 0 0
0 0 0 0 5.773503e-01 5.773503e-01 0 5.773503e-01
0 0 0 0 -5.773503e-01 -5.773503e-01 0 -5.773503e-01
0 0 0 0 5.773503e-01 5.773503e-01 5.773503e-01 0
0 0 0 0 -5.773503e-01 -5.773503e-01 -5.773503e-01 0
0 0 0 0 5.000000e-01 5.000000e-01 5.000000e-01 5.000000e-01
0 0 0 0 -5.000000e-01 -5.000000e-01 -5.000000e-01 -5.000000e-01
0 0 0 1 0 0 0 0
0 0 0 -1 0 0 0 0
0 0 0 7.071068e-01 0 0 0 7.071068e-01
0 0 0 -7.071068e-01 0 0 0 -7.071068e-01
0 0 0 7.071068e-01 0 0 7.071068e-01 0
0 0 0 -7.071068e-01 0 0 -7.071068e-01 0
0 0 0 5.773503e-01 0 0 5.773503e-01 5.773503e-01
0 0 0 -5.773503e-01 0 0 -5.773503e-01 -5.773503e-01
0 0 0 7.071068e-01 0 7.071068e-01 0 0
0 0 0 -7.071068e-01 0 -7.071068e-01 0 0
0 0 0 5.773503e-01 0 5.773503e-01 0 5.773503e-01
0 0 0 -5.773503e-01 0 -5.773503e-01 0 -5.773503e-01
0 0 0 5.773503e-01 0 5.773503e-01 5.773503e-01 0
0 0 0 -5.773503e-01 0 -5.773503e-01 -5.773503e-01 0
0 0 0 5.000000e-01 0 5.000000e-01 5.000000e-01 5.000000e-01
0 0 0 -5.000000e-01 0 -5.000000e-01 -5.000000e-01 -5.000000e-01
0 0 0 7.071068e-01 7.071068e-01 0 0 0
0 0 0 -7.071068e-01 -7.071068e-01 0 0 0
0 0 0 5.773503e-01 5.773503e-01 0 0 5.773503e-01
0 0 0 -5.773503e-01 -5.773503e-01 0 0 -5.773503e-01
0 0 0 5.773503e-01 5.773503e-01 0 5.773503e-01 0
0 0 0 -5.773503e-01 -5.773503e-01 0 -5.773503e-01 0
0 0 0 5.000000e-01 5.000000e-01 0 5.000000e-01 5.000000e-01
0 0 0 -5.000000e-01 -5.000000e-01 0 -5.000000e-01 -5.000000e-01
0 0 0 5.773503e-01 5.773503e-01 5.773503e-01 0 0
0 0 0 -5.773503e-01 -5.773503e-01 -5.773503e-01 0 0
0 0 0 5.000000e-01 5.000000e-01 5.000000e-01 0 5.000000e-01
0 0 0 -5.000000e-01 -5.000000e-01 -5.000000e-01 0 -5.000000e-01
0 0 0 5.000000e-01 5.000000e-01 5.000000e-01 5.000000e-01 0
0 0 0 -5.000000e-01 -5.000000e-01 -5.000000e-01 -5.000000e-01 0
0 0 0 4.472136e-01 4.472136e-01 4.472136e-01 4.472136e-01 4.472136e-01
0 0 0 -4.472136e-01 -4.472136e-01 -4.472136e-01 -4.472136e-01 -4.472136e-01
0 0 1 0 0 0 0 0
0 0 -1 0 0 0 0 0
0 0 7.071068e-01 0 0 0 0 7.071068e-01
0 0 -7.071068e-01 0 0 0 0 -7.071068e-01
0 0 7.071068e-01 0 0 0 7.071068e-01 0
0 0 -7.071068e-01 0 0 0 -7.071068e-01 0
0 0 5.773503e-01 0 0 0 5.773503e-01 5.773503e-01
0 0 -5.773503e-01 0 0 0 -5.773503e-01 -5.773503e-01
0 0 7.071068e-01 0 0 7.071068e-01 0 0
0 0 -7.071068e-01 0 0 -7.071068e-01 0 0
0 0 5.773503e-01 0 0 5.773503e-01 0 5.773503e-01
0 0 -5.773503e-01 0 0 -5.773503e-01 0 -5.773503e-01
0 0 5.773503e-01 0 0 5.773503e-01 5.773503e-01 0
0 0 -5.773503e-01 0 0 -5.773503e-01 -5.773503e-01 0
0 0 5.000000e-01 0 0 5.000000e-01 5.000000e-01 5.000000e-01
0 0 -5.000000e-01 0 0 -5.000000e-01 -5.000000e-01 -5.000000e-01
0 0 7.071068e-01 0 7.071068e-01 0 0 0
0 0 -7.071068e-01 0 -7.071068e-01 0 0 0
0 0 5.773503e-01 0 5.773503e-01 0 0 5.773503e-01
0 0 -5.773503e-01 0 -5.773503e-01 0 0 -5.773503e-01
0 0 5.773503e-01 0 5.773503e-01 0 5.773503e-01 0
0 0 -5.773503e-01 0 -5.773503e-01 0 -5.773503e-01 0
0 0 5.000000e-01 0 5.000000e-01 0 5.000000e-01 5.000000e-01
0 0 -5.000000e-01 0 -5.000000e-01 0 -5.000000e-01 -5.000000e-01
0 0 5.773503e-01 0 5.773503e-01 5.773503e-01 0 0
0 0 -5.773503e-01 0 -5.773503e-01 -5.773503e-01 0 0
0 0 5.000000e-01 0 5.000000e-01 5.000000e-01 0 5.000000e-01
0 0 -5.000000e-01 0 -5.000000e-01 -5.000000e-01 0 -5.000000e-01
0 0 5.000000e-01 0 5.000000e-01 5.000000e-01 5.000000e-01 0
0 0 -5.000000e-01 0 -5.000000e-01 -5.000000e-01 -5.000000e-01 0
0 0 4.472136e-01 0 4.472136e-01 4.472136e-01 4.472136e-01 4.472136e-01
0 0 -4.472136e-01 0 -4.472136e-01 -4.472136e-01 -4.472136e-01 -4.472136e-01
0 0 7.071068e-01 7.071068e-01 0 0 0 0
0 0 -7.071068e-01 -7.071068e-01 0 0 0 0
0 0 5.773503e-01 5.773503e-01 0 0 0 5.773503e-01
0 0 -5.773503e-01 -5.773503e-01 0 0 0 -5.773503e-01
0 0 5.773503e-01 5.773503e-01 0 0 5.773503e-01 0
0 0 -5.773503e-01 -5.773503e-01 0 0 -5.773503e-01 0
0 0 5.000000e-01 5.000000e-01 0 0 5.000000e-01 5.000000e-01
0 0 -5.000000e-01 -5.000000e-01 0 0 -5.000000e-01 -5.000000e-01
0 0 5.773503e-01 5.773503e-01 0 5.773503e-01 0 0
0 0 -5.773503e-01 -5.773503e-01 0 -5.773503e-01 0 0
0 0 5.000000e-01 5.000000e-01 0 5.000000e-01 0 5.000000e-01
0 0 -5.000000e-01 -5.000000e-01 0 -5.000000e-01 0 -5.000000e-01
0 0 5.000000e-01 5.000000e-01 0 5.000000e-01 5.000000e-01 0
0 0 -5.000000e-01 -5.000000e-01 0 -5.000000e-01 -5.000000e-01 0
0 0 4.472136e-01 4.472136e-01 0 4.472136e-01 4.472136e-01 4.472136e-01
0 0 -4.472136e-01 -4.472136e-01 0 -4.472136e-01 -4.472136e-01 -4.472136e-01
0 0 5.773503e-01 5.773503e-01 5.773503e-01 0 0 0
0 0 -5.773503e-01 -5.773503e-01 -5.773503e-01 0 0 0
0 0 5.000000e-01 5.000000e-01 5.000000e-01 0 0 5.000000e-01
0 0 -5.000000e-01 -5.000000e-01 -5.000000e-01 0 0 -5.000000e-01
0 0 5.000000e-01 5.000000e-01 5.000000e-01 0 5.000000e-01 0
0 0 -5.000000e-01 -5.000000e-01 -5.000000e-01 0 -5.000000e-01 0
0 0 4.472136e-01 4.472136e-01 4.472136e-01 0 4.472136e-01 4.472136e-01
0 0 -4.472136e-01 -4.472136e-01 -4.472136e-01 0 -4.472136e-01 -4.472136e-01
0 0 5.000000e-01 5.000000e-01 5.000000e-01 5.000000e-01 0 0
0 0 -5.000000e-01 -5.000000e-01 -5.000000e-01 -5.000000e-01 0 0
0 0 4.472136e-01 4.472136e-01 4.472136e-01 4.472136e-01 0 4.472136e-01
0 0 -4.472136e-01 -4.472136e-01 -4.472136e-01 -4.472136e-01 0 -4.472136e-01
0 0 4.472136e-01 4.472136e-01 4.472136e-01 4.472136e-01 4.472136e-01 0
0 0 -4.472136e-01 -4.472136e-01 -4.472136e-01 -4.472136e-01 -4.472136e-01 0
0 0 4.082483e-01 4.082483e-01 4.082483e-01 4.082483e-01 4.082483e-01 4.082483e-01
0 0 -4.082483e-01 -4.082483e-01 -4.082483e-01 -4.082483e-01 -4.082483e-01 -4.082483e-01
0 1 0 0 0 0 0 0
0 -1 0 0 0 0 0 0
0 7.071068e-01 0 0 0 0 0 7.071068e-01
0 -7.071068e-01 0 0 0 0 0 -7.071068e-01
0 7.071068e-01 0 0 0 0 7.071068e-01 0
0 -7.071068e-01 0 0 0 0 -7.071068e-01 0
0 5.773503e-01 0 0 0 0 5.773503e-01 5.773503e-01
0 -5.773503e-01 0 0 0 0 -5.773503e-01 -5.773503e-01
0 7.071068e-01 0 0 0 7.071068e-01 0 0
0 -7.071068e-01 0 0 0 -7.071068e-01 0 0
0 5.773503e-01 0 0 0 5.773503e-01 0 5.773503e-01
0 -5.773503e-01 0 0 0 -5.773503e-01 0 -5.773503e-01
0 5.773503e-01 0 0 0 5.773503e-01 5.773503e-01 0
0 -5.773503e-01 0 0 0 -5.773503e-01 -5.773503e-01 0
0 5.000000e-01 0 0 0 5.000000e-01 5.000000e-01 5.000000e-01
0 -5.000000e-01 0 0 0 -5.000000e-01 -5.000000e-01 -5.000000e-01
0 7.071068e-01 0 0 7.071068e-01 0 0 0
0 -7.071068e-01 0 0 -7.071068e-01 0 0 0
0 5.773503e-01 0 0 5.773503e-01 0 0 5.773503e-01
0 -5.773503e-01 0 0 -5.773503e-01 0 0 -5.773503e-01
0 5.773503e-01 0 0 5.773503e-01 0 5.773503e-01 0
0 -5.773503e-01 0 0 -5.773503e-01 0 -5.773503e-01 0
0 5.000000e-01 0 0 5.000000e-01 0 5.000000e-01 5.000000e-01
0 -5.000000e-01 0 0 -5.000000e-01 0 -5.000000e-01 -5.000000e-01
0 5.773503e-01 0 0 5.773503e-01 5.773503e-01 0 0
0 -5.773503e-01 0 0 -5.773503e-01 -5.773503e-01 0 0
0 5.000000e-01 0 0 5.000000e-01 5.000000e-01 0 5.000000e-01
0 -5.000000e-01 0 0 -5.000000e-01 -5.000000e-01 0 -5.000000e-01
0 5.000000e-01 0 0 5.000000e-01 5.000000e-01 5.000000e-01 0
0 -5.000000e-01 0 0 -5.000000e-01 -5.000000e-01 -5.000000e-01 0
0 4.472136e-01 0 0 4.472136e-01 4.472136e-01 4.472136e-01 4.472136e-01
0 -4.472136e-01 0 0 -4.472136e-01 -4.472136e-01 -4.472136e-01 -4.472136e-01
0 7.071068e-01 0 7.071068e-01 0 0 0 0
0 -7.071068e-01 0 -7.071068e-01 0 0 0 0
0 5.773503e-01 0 5.773503e-01 0 0 0 5.773503e-01
0 -5.773503e-01 0 -5.773503e-01 0 0 0 -5.773503e-01
0 5.773503e-01 0 5.773503e-01 0 0 5.773503e-01 0
0 -5.773503e-01 0 -5.773503e-01 0 0 -5.773503e-01 0
0 5.000000e-01 0 5.000000e-01 0 0 5.000000e-01 5.000000e-01
0 -5.000000e-01 0 -5.000000e-01 0 0 -5.000000e-01 -5.000000e-01
0 5.773503e-01 0 5.773503e-01 0 5.773503e-01 0 0
0 -5.773503e-01 0 -5.773503e-01 0 -5.773503e-01 0 0
0 5.000000e-01 0 5.000000e-01 0 5.000000e-01 0 5.000000e-01
0 -5.000000e-01 0 -5.000000e-01 0 -5.000000e-01 0 -5.000000e-01
0 5.000000e-01 0 5.000000e-01 0 5.000000e-01 5.000000e-01 0
0 -5.000000e-01 0 -5.000000e-01 0 -5.000000e-01 -5.000000e-01 0
0 4.472136e-01 0 4.472136e-01 0 4.472136e-01 4.472136e-01 4.472136e-01
0 -4.472136e-01 0 -4.472136e-01 0 -4.472136e-01 -4.472136e-01 -4.472136e-01
0 5.773503e-01 0 5.773503e-01 5.773503e-01 0 0 0
0 -5.773503e-01 0 -5.773503e-01 -5.773503e-01 0 0 0
0 5.000000e-01 0 5.000000e-01 5.000000e-01 0 0 5.000000e-01
0 -5.000000e-01 0 -5.000000e-01 -5.000000e-01 0 0 -5.000000e-01
0 5.000000e-01 0 5.000000e-01 5.000000e-01 0 5.000000e-01 0
0 -5.000000e-01 0 -5.000000e-01 -5.000000e-01 0 -5.000000e-01 0
0 4.472136e-01 0 4.472136e-01 4.472136e-01 0 4.472136e-01 4.472136e-01
0 -4.472136e-01 0 -4.472136e-01 -4.472136e-01 0 -4.472136e-01 -4.472136e-01
0 5.000000e-01 0 5.000000e-01 5.000000e-01 5.000000e-01 0 0
0 -5.000000e-01 0 -5.000000e-01 -5.000000e-01 -5.000000e-01 0 0
0 4.472136e-01 0 4.472136e-01 4.472136e-01 4.472136e-01 0 4.472136e-01
0 -4.472136e-01 0 -4.472136e-01 -4.472136e-01 -4.472136e-01 0 -4.472136e-01
0 4.472136e-01 0 4.472136e-01 4.472136e-01 4.472136e-01 4.472136e-01 0
0 -4.472136e-01 0 -4.472136e-01 -4.472136e-01 -4.472136e-01 -4.472136e-01 0
0 4.082483e-01 0 4.082483e-01 4.082483e-01 4.082483e-01 4.082483e-01 4.082483e-01
0 -4.082483e-01 0 -4.082483e-01 -4.082483e-01 -4.082483e-01 -4.082483e-01 -4.082483e-01
0 7.071068e-01 7.071068e-01 0 0 0 0 0
0 -7.071068e-01 -7.071068e-01 0 0 0 0 0
0 5.773503e-01 5.773503e-01 0 0 0 0 5.773503e-01
0 -5.773503e-01 -5.773503e-01 0 0 0 0 -5.773503e-01
0 5.773503e-01 5.773503e-01 0 0 0 5.773503e-01 0
0 -5.773503e-01 -5.773503e-01 0 0 0 -5.773503e-01 0
0 5.000000e-01 5.000000e-01 0 0 0 5.000000e-01 5.000000e-01
0 -5.000000e-01 -5.000000e-01 0 0 0 -5.000000e-01 -5.000000e-01
0 5.773503e-01 5.773503e-01 0 0 5.773503e-01 0 0
0 -5.773503e-01 -5.773503e-01 0 0 -5.773503e-01 0 0
0 5.000000e-01 5.000000e-01 0 0 5.000000e-01 0 5.000000e-01
0 -5.000000e-01 -5.000000e-01 0 0 -5.000000e-01 0 -5.000000e-01
0 5.000000e-01 5.000000e-01 0 0 5.000000e-01 5.000000e-01 0
0 -5.000000e-01 -5.000000e-01 0 0 -5.000000e-01 -5.000000e-01 0
0 4.472136e-01 4.472136e-01 0 0 4.472136e-01 4.472136e-01 4.472136e-01
0 -4.472136e-01 -4.472136e-01 0 0 -4.472136e-01 -4.472136e-01 -4.472136e-01
0 5.773503e-01 5.773503e-01 0 5.773503e-01 0 0 0
0 -5.773503e-01 -5.773503e-01 0 -5.773503e-01 0 0 0
0 5.000000e-01 5.000000e-01 0 5.000000e-01 0 0 5.000000e-01
0 -5.000000e-01 -5.000000e-01 0 -5.000000e-01 0 0 -5.000000e-01
0 5.000000e-01 5.000000e-01 0 5.000000e-01 0 5.000000e-01 0
0 -5.000000e-01 -5.000000e-01 0 -5.000000e-01 0 -5.000000e-01 0
0 4.472136e-01 4.472136e-01 0 4.472136e-01 0 4.472136e-01 4.472136e-01
0 -4.472136e-01 -4.472136e-01 0 -4.472136e-01 0 -4.472136e-01 -4.472136e-01
0 5.000000e-01 5.000000e-01 0 5.000000e-01 5.000000e-01 0 0
0 -5.000000e-01 -5.000000e-01 0 -5.000000e-01 -5.000000e-01 0 0
0 4.472136e-01 4.472136e-01 0 4.472136e-01 4.472136e-01 0 4.472136e-01
0 -4.472136e-01 -4.472136e-01 0 -4.472136e-01 -4.472136e-01 0 -4.472136e-01
0 4.472136e-01 4.472136e-01 0 4.472136e-01 4.472136e-01 4.472136e-01 0
0 -4.472136e-01 -4.472136e-01 0 -4.472136e-01 -4.472136e-01 -4.472136e-01 0
0 4.082483e-01 4.082483e-01 0 4.082483e-01 4.082483e-01 4.082483e-01 4.082483e-01
0 -4.082483e-01 -4.082483e-01 0 -4.082483e-01 -4.082483e-01 -4.082483e-01 -4.082483e-01
0 5.773503e-01 5.773503e-01 5.773503e-01 0 0 0 0
0 -5.773503e-01 -5.773503e-01 -5.773503e-01 0 0 0 0
0 5.000000e-01 5.000000e-01 5.000000e-01 0 0 0 5.000000e-01
0 -5.000000e-01 -5.000000e-01 -5.000000e-01 0 0 0 -5.000000e-01
0 5.000000e-01 5.000000e-01 5.000000e-01 0 0 5.000000e-01 0
0 -5.000000e-01 -5.000000e-01 -5.000000e-01 0 0 -5.000000e-01 0
0 4.472136e-01 4.472136e-01 4.472136e-01 0 0 4.472136e-01 4.472136e-01
0 -4.472136e-01 -4.472136e-01 -4.472136e-01 0 0 -4.472136e-01 -4.472136e-01
0 5.000000e-01 5.000000e-01 5.000000e-01 0 5.000000e-01 0 0
0 -5.000000e-01 -5.000000e-01 -5.000000e-01 0 -5.000000e-01 0 0
0 4.472136e-01 4.472136e-01 4.472136e-01 0 4.472136e-01 0 4.472136e-01
0 -4.472136e-01 -4.472136e-01 -4.472136e-01 0 -4.472136e-01 0 -4.472136e-01
0 4.472136e-01 4.472136e-01 4.472136e-01 0 4.472136e-01 4.472136e-01 0
0 -4.472136e-01 -4.472136e-01 -4.472136e-01 0 -4.472136e-01 -4.472136e-01 0
0 4.082483e-01 4.082483e-01 4.082483e-01 0 4.082483e-01 4.082483e-01 4.082483e-01
0 -4.082483e-01 -4.082483e-01 -4.082483e-01 0 -4.082483e-01 -4.082483e-01 -4.082483e-01
0 5.000000e-01 5.000000e-01 5.000000e-01 5.000000e-01 0 0 0
0 -5.000000e-01 -5.000000e-01 -5.000000e-01 -5.000000e-01 0 0 0
0 4.472136e-01 4.472136e-01 4.472136e-01 4.472136e-01 0 0 4.472136e-01
0 -4.472136e-01 -4.472136e-01 -4.472136e-01 -4.472136e-01 0 0 -4.472136e-01
0 4.472136e-01 4.472136e-01 4.472136e-01 4.472136e-01 0 4.472136e-01 0
0 -4.472136e-01 -4.472136e-01 -4.472136e-01 -4.472136e-01 0 -4.472136e-01 0
0 4.082483e-01 4.082483e-01 4.082483e-01 4.082483e-01 0 4.082483e-01 4.082483e-01
0 -4.082483e-01 -4.082483e-01 -4.082483e-01 -4.082483e-01 0 -4.082483e-01 -4.082483e-01
0 4.472136e-01 4.472136e-01 4.472136e-01 4.472136e-01 4.472136e-01 0 0
0 -4.472136e-01 -4.472136e-01 -4.472136e-01 -4.472136e-01 -4.472136e-01 0 0
0 4.082483e-01 4.082483e-01 4.082483e-01 4.082483e-01 4.082483e-01 0 4.082483e-01
0 -4.082483e-01 -4.082483e-01 -4.082483e-01 -4.082483e-01 -4.082483e-01 0 -4.082483e-01
0 4.082483e-01 4.082483e-01 4.082483e-01 4.082483e-01 4.082483e-01 4.082483e-01 0
0 -4.082483e-01 -4.082483e-01 -4.082483e-01 -4.082483e-01 -4.082483e-01 -4.082483e-01 0
0 3.779645e-01 3.779645e-01 3.779645e-01 3.779645e-01 3.779645e-01 3.779645e-01 3.779645e-01
0 -3.779645e-01 -3.779645e-01 -3.779645e-01 -3.779645e-01 -3.779645e-01 -3.779645e-01 -3.779645e-01
1 0 0 0 0 0 0 0
-1 0 0 0 0 0 0 0
7.071068e-01 0 0 0 0 0 0 7.071068e-01
-7.071068e-01 0 0 0 0 0 0 -7.071068e-01
7.071068e-01 0 0 0 0 0 7.071068e-01 0
-7.071068e-01 0 0 0 0 0 -7.071068e-01 0
5.773503e-01 0 0 0 0 0 5.773503e-01 5.773503e-01
-5.773503e-01 0 0 0 0 0 -5.773503e-01 -5.773503e-01
7.071068e-01 0 0 0 0 7.071068e-01 0 0
-7.071068e-01 0 0 0 0 -7.071068e-01 0 0
5.773503e-01 0 0 0 0 5.773503e-01 0 5.773503e-01
-5.773503e-01 0 0 0 0 -5.773503e-01 0 -5.773503e-01
5.773503e-01 0 0 0 0 5.773503e-01 5.773503e-01 0
-5.773503e-01 0 0 0 0 -5.773503e-01 -5.773503e-01 0
5.000000e-01 0 0 0 0 5.000000e-01 5.000000e-01 5.000000e-01
-5.000000e-01 0 0 0 0 -5.000000e-01 -5.000000e-01 -5.000000e-01
7.071068e-01 0 0 0 7.071068e-01 0 0 0
-7.071068e-01 0 0 0 -7.071068e-01 0 0 0
5.773503e-01 0 0 0 5.773503e-01 0 0 5.773503e-01
-5.773503e-01 0 0 0 -5.773503e-01 0 0 -5.773503e-01
5.773503e-01 0 0 0 5.773503e-01 0 5.773503e-01 0
-5.773503e-01 0 0 0 -5.773503e-01 0 -5.773503e-01 0
5.000000e-01 0 0 0 5.000000e-01 0 5.000000e-01 5.000000e-01
-5.000000e-01 0 0 0 -5.000000e-01 0 -5.000000e-01 -5.000000e-01
5.773503e-01 0 0 0 5.773503e-01 5.773503e-01 0 0
-5.773503e-01 0 0 0 -5.773503e-01 -5.773503e-01 0 0
5.000000e-01 0 0 0 5.000000e-01 5.000000e-01 0 5.000000e-01
-5.000000e-01 0 0 0 -5.000000e-01 -5.000000e-01 0 -5.000000e-01
5.000000e-01 0 0 0 5.000000e-01 5.000000e-01 5.000000e-01 0
-5.000000e-01 0 0 0 -5.000000e-01 -5.000000e-01 -5.000000e-01 0
4.472136e-01 0 0 0 4.472136e-01 4.472136e-01 4.472136e-01 4.472136e-01
-4.472136e-01 0 0 0 -4.472136e-01 -4.472136e-01 -4.472136e-01 -4.472136e-01
7.071068e-01 0 0 7.071068e-01 0 0 0 0
-7.071068e-01 0 0 -7.071068e-01 0 0 0 0
5.773503e-01 0 0 5.773503e-01 0 0 0 5.773503e-01
-5.773503e-01 0 0 -5.773503e-01 0 0 0 -5.773503e-01
5.773503e-01 0 0 5.773503e-01 0 0 5.773503e-01 0
-5.773503e-01 0 0 -5.773503e-01 0 0 -5.773503e-01 0
5.000000e-01 0 0 5.000000e-01 0 0 5.000000e-01 5.000000e-01
-5.000000e-01 0 0 -5.000000e-01 0 0 -5.000000e-01 -5.000000e-01
5.773503e-01 0 0 5.773503e-01 0 5.773503e-01 0 0
-5.773503e-01 0 0 -5.773503e-01 0 -5.773503e-01 0 0
5.000000e-01 0 0 5.000000e-01 0 5.000000e-01 0 5.000000e-01
-5.000000e-01 0 0 -5.000000e-01 0 -5.000000e-01 0 -5.000000e-01
5.000000e-01 0 0 5.000000e-01 0 5.000000e-01 5.000000e-01 0
-5.000000e-01 0 0 -5.000000e-01 0 -5.000000e-01 -5.000000e-01 0
4.472136e-01 0 0 4.472136e-01 0 4.472136e-01 4.472136e-01 4.472136e-01
-4.472136e-01 0 0 -4.472136e-01 0 -4.472136e-01 -4.472136e-01 -4.472136e-01
5.773503e-01 0 0 5.773503e-01 5.773503e-01 0 0 0
-5.773503e-01 0 0 -5.773503e-01 -5.773503e-01 0 0 0
5.000000e-01 0 0 5.000000e-01 5.000000e-01 0 0 5.000000e-01
-5.000000e-01 0 0 -5.000000e-01 -5.000000e-01 0 0 -5.000000e-01
5.000000e-01 0 0 5.000000e-01 5.000000e-01 0 5.000000e-01 0
-5.000000e-01 0 0 -5.000000e-01 -5.000000e-01 0 -5.000000e-01 0
4.472136e-01 0 0 4.472136e-01 4.472136e-01 0 4.472136e-01 4.472136e-01
-4.472136e-01 0 0 -4.472136e-01 -4.472136e-01 0 -4.472136e-01 -4.472136e-01
5.000000e-01 0 0 5.000000e-01 5.000000e-01 5.000000e-01 0 0
-5.000000e-01 0 0 -5.000000e-01 -5.000000e-01 -5.000000e-01 0 0
4.472136e-01 0 0 4.472136e-01 4.472136e-01 4.472136e-01 0 4.472136e-01
-4.472136e-01 0 0 -4.472136e-01 -4.472136e-01 -4.472136e-01 0 -4.472136e-01
4.472136e-01 0 0 4.472136e-01 4.472136e-01 4.472136e-01 4.472136e-01 0
-4.472136e-01 0 0 -4.472136e-01 -4.472136e-01 -4.472136e-01 -4.472136e-01 0
4.082483e-01 0 0 4.082483e-01 4.082483e-01 4.082483e-01 4.082483e-01 4.082483e-01
-4.082483e-01 0 0 -4.082483e-01 -4.082483e-01 -4.082483e-01 -4.082483e-01 -4.082483e-01
7.071068e-01 0 7.071068e-01 0 0 0 0 0
-7.071068e-01 0 -7.071068e-01 0 0 0 0 0
5.773503e-01 0 5.773503e-01 0 0 0 0 5.773503e-01
-5.773503e-01 0 -5.773503e-01 0 0 0 0 -5.773503e-01
5.773503e-01 0 5.773503e-01 0 0 0 5.773503e-01 0
-5.773503e-01 0 -5.773503e-01 0 0 0 -5.773503e-01 0
5.000000e-01 0 5.000000e-01 0 0 0 5.000000e-01 5.000000e-01
-5.000000e-01 0 -5.000000e-01 0 0 0 -5.000000e-01 -5.000000e-01
5.773503e-01 0 5.773503e-01 0 0 5.773503e-01 0 0
-5.773503e-01 0 -5.773503e-01 0 0 -5.773503e-01 0 0
5.000000e-01 0 5.000000e-01 0 0 5.000000e-01 0 5.000000e-01
-5.000000e-01 0 -5.000000e-01 0 0 -5.000000e-01 0 -5.000000e-01
5.000000e-01 0 5.000000e-01 0 0 5.000000e-01 5.000000e-01 0
-5.000000e-01 0 -5.000000e-01 0 0 -5.000000e-01 -5.000000e-01 0
4.472136e-01 0 4.472136e-01 0 0 4.472136e-01 4.472136e-01 4.472136e-01
-4.472136e-01 0 -4.472136e-01 0 0 -4.472136e-01 -4.472136e-01 -4.472136e-01
5.773503e-01 0 5.773503e-01 0 5.773503e-01 0 0 0
-5.773503e-01 0 -5.773503e-01 0 -5.773503e-01 0 0 0
5.000000e-01 0 5.000000e-01 0 5.000000e-01 0 0 5.000000e-01
-5.000000e-01 0 -5.000000e-01 0 -5.000000e-01 0 0 -5.000000e-01
5.000000e-01 0 5.000000e-01 0 5.000000e-01 0 5.000000e-01 0
-5.000000e-01 0 -5.000000e-01 0 -5.000000e-01 0 -5.000000e-01 0
4.472136e-01 0 4.472136e-01 0 4.472136e-01 0 4.472136e-01 4.472136e-01
-4.472136e-01 0 -4.472136e-01 0 -4.472136e-01 0 -4.472136e-01 -4.472136e-01
5.000000e-01 0 5.000000e-01 0 5.000000e-01 5.000000e-01 0 0
-5.000000e-01 0 -5.000000e-01 0 -5.000000e-01 -5.000000e-01 0 0
4.472136e-01 0 4.472136e-01 0 4.472136e-01 4.472136e-01 0 4.472136e-01
-4.472136e-01 0 -4.472136e-01 0 -4.472136e-01 -4.472136e-01 0 -4.472136e-01
4.472136e-01 0 4.472136e-01 0 4.472136e-01 4.472136e-01 4.472136e-01 0
-4.472136e-01 0 -4.472136e-01 0 -4.472136e-01 -4.472136e-01 -4.472136e-01 0
4.082483e-01 0 4.082483e-01 0 4.082483e-01 4.082483e-01 4.082483e-01 4.082483e-01
-4.082483e-01 0 -4.082483e-01 0 -4.082483e-01 -4.082483e-01 -4.082483e-01 -4.082483e-01
5.773503e-01 0 5.773503e-01 5.773503e-01 0 0 0 0
-5.773503e-01 0 -5.773503e-01 -5.773503e-01 0 0 0 0
5.000000e-01 0 5.000000e-01 5.000000e-01 0 0 0 5.000000e-01
-5.000000e-01 0 -5.000000e-01 -5.000000e-01 0 0 0 -5.000000e-01
5.000000e-01 0 5.000000e-01 5.000000e-01 0 0 5.000000e-01 0
-5.000000e-01 0 -5.000000e-01 -5.000000e-01 0 0 -5.000000e-01 0
4.472136e-01 0 4.472136e-01 4.472136e-01 0 0 4.472136e-01 4.472136e-01
-4.472136e-01 0 -4.472136e-01 -4.472136e-01 0 0 -4.472136e-01 -4.472136e-01
5.000000e-01 0 5.000000e-01 5.000000e-01 0 5.000000e-01 0 0
-5.000000e-01 0 -5.000000e-01 -5.000000e-01 0 -5.000000e-01 0 0
4.472136e-01 0 4.472136e-01 4.472136e-01 0 4.472136e-01 0 4.472136e-01
-4.472136e-01 0 -4.472136e-01 -4.472136e-01 0 -4.472136e-01 0 -4.472136e-01
4.472136e-01 0 4.472136e-01 4.472136e-01 0 4.472136e-01 4.472136e-01 0
-4.472136e-01 0 -4.472136e-01 -4.472136e-01 0 -4.472136e-01 -4.472136e-01 0
4.082483e-01 0 4.082483e-01 4.082483e-01 0 4.082483e-01 4.082483e-01 4.082483e-01
-4.082483e-01 0 -4.082483e-01 -4.082483e-01 0 -4.082483e-01 -4.082483e-01 -4.082483e-01
5.000000e-01 0 5.000000e-01 5.000000e-01 5.000000e-01 0 0 0
-5.000000e-01 0 -5.000000e-01 -5.000000e-01 -5.000000e-01 0 0 0
4.472136e-01 0 4.472136e-01 4.472136e-01 4.472136e-01 0 0 4.472136e-01
-4.472136e-01 0 -4.472136e-01 -4.472136e-01 -4.472136e-01 0 0 -4.472136e-01
4.472136e-01 0 4.472136e-01 4.472136e-01 4.472136e-01 0 4.472136e-01 0
-4.472136e-01 0 -4.472136e-01 -4.472136e-01 -4.472136e-01 0 -4.472136e-01 0
4.082483e-01 0 4.082483e-01 4.082483e-01 4.082483e-01 0 4.082483e-01 4.082483e-01
-4.082483e-01 0 -4.082483e-01 -4.082483e-01 -4.082483e-01 0 -4.082483e-01 -4.082483e-01
4.472136e-01 0 4.472136e-01 4.472136e-01 4.472136e-01 4.472136e-01 0 0
-4.472136e-01 0 -4.472136e-01 -4.472136e-01 -4.472136e-01 -4.472136e-01 0 0
4.082483e-01 0 4.082483e-01 4.082483e-01 4.082483e-01 4.082483e-01 0 4.082483e-01
-4.082483e-01 0 -4.082483e-01 -4.082483e-01 -4.082483e-01 -4.082483e-01 0 -4.082483e-01
4.082483e-01 0 4.082483e-01 4.082483e-01 4.082483e-01 4.082483e-01 4.082483e-01 0
-4.082483e-01 0 -4.082483e-01 -4.082483e-01 -4.082483e-01 -4.082483e-01 -4.082483e-01 0
3.779645e-01 0 3.779645e-01 3.779645e-01 3.779645e-01 3.779645e-01 3.779645e-01 3.779645e-01
-3.779645e-01 0 -3.779645e-01 -3.779645e-01 -3.779645e-01 -3.779645e-01 -3.779645e-01 -3.779645e-01
7.071068e-01 7.071068e-01 0 0 0 0 0 0
-7.071068e-01 -7.071068e-01 0 0 0 0 0 0
5.773503e-01 5.773503e-01 0 0 0 0 0 5.773503e-01
-5.773503e-01 -5.773503e-01 0 0 0 0 0 -5.773503e-01
5.773503e-01 5.773503e-01 0 0 0 0 5.773503e-01 0
-5.773503e-01 -5.773503e-01 0 0 0 0 -5.773503e-01 0
5.000000e-01 5.000000e-01 0 0 0 0 5.000000e-01 5.000000e-01
-5.000000e-01 -5.000000e-01 0 0 0 0 -5.000000e-01 -5.000000e-01
5.773503e-01 5.773503e-01 0 0 0 5.773503e-01 0 0
-5.773503e-01 -5.773503e-01 0 0 0 -5.773503e-01 0 0
5.000000e-01 5.000000e-01 0 0 0 5.000000e-01 0 5.000000e-01
-5.000000e-01 -5.000000e-01 0 0 0 -5.000000e-01 0 -5.000000e-01
5.000000e-01 5.000000e-01 0 0 0 5.000000e-01 5.000000e-01 0
-5.000000e-01 -5.000000e-01 0 0 0 -5.000000e-01 -5.000000e-01 0
4.472136e-01 4.472136e-01 0 0 0 4.472136e-01 4.472136e-01 4.472136e-01
-4.472136e-01 -4.472136e-01 0 0 0 -4.472136e-01 -4.472136e-01 -4.472136e-01
5.773503e-01 5.773503e-01 0 0 5.773503e-01 0 0 0
-5.773503e-01 -5.773503e-01 0 0 -5.773503e-01 0 0 0
5.000000e-01 5.000000e-01 0 0 5.000000e-01 0 0 5.000000e-01
-5.000000e-01 -5.000000e-01 0 0 -5.000000e-01 0 0 -5.000000e-01
5.000000e-01 5.000000e-01 0 0 5.000000e-01 0 5.000000e-01 0
-5.000000e-01 -5.000000e-01 0 0 -5.000000e-01 0 -5.000000e-01 0
4.472136e-01 4.472136e-01 0 0 4.472136e-01 0 4.472136e-01 4.472136e-01
-4.472136e-01 -4.472136e-01 0 0 -4.472136e-01 0 -4.472136e-01 -4.472136e-01
5.000000e-01 5.000000e-01 0 0 5.000000e-01 5.000000e-01 0 0
-5.000000e-01 -5.000000e-01 0 0 -5.000000e-01 -5.000000e-01 0 0
4.472136e-01 4.472136e-01 0 0 4.472136e-01 4.472136e-01 0 4.472136e-01
-4.472136e-01 -4.472136e-01 0 0 -4.472136e-01 -4.472136e-01 0 -4.472136e-01
4.472136e-01 4.472136e-01 0 0 4.472136e-01 4.472136e-01 4.472136e-01 0
-4.472136e-01 -4.472136e-01 0 0 -4.472136e-01 -4.472136e-01 -4.472136e-01 0
4.082483e-01 4.082483e-01 0 0 4.082483e-01 4.082483e-01 4.082483e-01 4.082483e-01
-4.082483e-01 -4.082483e-01 0 0 -4.082483e-01 -4.082483e-01 -4.082483e-01 -4.082483e-01
5.773503e-01 5.773503e-01 0 5.773503e-01 0 0 0 0
-5.773503e-01 -5.773503e-01 0 -5.773503e-01 0 0 0 0
5.000000e-01 5.000000e-01 0 5.000000e-01 0 0 0 5.000000e-01
-5.000000e-01 -5.000000e-01 0 -5.000000e-01 0 0 0 -5.000000e-01
5.000000e-01 5.000000e-01 0 5.000000e-01 0 0 5.000000e-01 0
-5.000000e-01 -5.000000e-01 0 -5.000000e-01 0 0 -5.000000e-01 0
4.472136e-01 4.472136e-01 0 4.472136e-01 0 0 4.472136e-01 4.472136e-01
-4.472136e-01 -4.472136e-01 0 -4.472136e-01 0 0 -4.472136e-01 -4.472136e-01
5.000000e-01 5.000000e-01 0 5.000000e-01 0 5.000000e-01 0 0
-5.000000e-01 -5.000000e-01 0 -5.000000e-01 0 -5.000000e-01 0 0
4.472136e-01 4.472136e-01 0 4.472136e-01 0 4.472136e-01 0 4.472136e-01
-4.472136e-01 -4.472136e-01 0 -4.472136e-01 0 -4.472136e-01 0 -4.472136e-01
4.472136e-01 4.472136e-01 0 4.472136e-01 0 4.472136e-01 4.472136e-01 0
-4.472136e-01 -4.472136e-01 0 -4.472136e-01 0 -4.472136e-01 -4.472136e-01 0
4.082483e-01 4.082483e-01 0 4.082483e-01 0 4.082483e-01 4.082483e-01 4.082483e-01
-4.082483e-01 -4.082483e-01 0 -4.082483e-01 0 -4.082483e-01 -4.082483e-01 -4.082483e-01
5.000000e-01 5.000000e-01 0 5.000000e-01 5.000000e-01 0 0 0
-5.000000e-01 -5.000000e-01 0 -5.000000e-01 -5.000000e-01 0 0 0
4.472136e-01 4.472136e-01 0 4.472136e-01 4.472136e-01 0 0 4.472136e-01
-4.472136e-01 -4.472136e-01 0 -4.472136e-01 -4.472136e-01 0 0 -4.472136e-01
4.472136e-01 4.472136e-01 0 4.472136e-01 4.472136e-01 0 4.472136e-01 0
-4.472136e-01 -4.472136e-01 0 -4.472136e-01 -4.472136e-01 0 -4.472136e-01 0
4.082483e-01 4.082483e-01 0 4.082483e-01 4.082483e-01 0 4.082483e-01 4.082483e-01
-4.082483e-01 -4.082483e-01 0 -4.082483e-01 -4.082483e-01 0 -4.082483e-01 -4.082483e-01
4.472136e-01 4.472136e-01 0 4.472136e-01 4.472136e-01 4.472136e-01 0 0
-4.472136e-01 -4.472136e-01 0 -4.472136e-01 -4.472136e-01 -4.472136e-01 0 0
4.082483e-01 4.082483e-01 0 4.082483e-01 4.082483e-01 4.082483e-01 0 4.082483e-01
-4.082483e-01 -4.082483e-01 0 -4.082483e-01 -4.082483e-01 -4.082483e-01 0 -4.082483e-01
4.082483e-01 4.082483e-01 0 4.082483e-01 4.082483e-01 4.082483e-01 4.082483e-01 0
-4.082483e-01 -4.082483e-01 0 -4.082483e-01 -4.082483e-01 -4.082483e-01 -4.082483e-01 0
3.779645e-01 3.779645e-01 0 3.779645e-01 3.779645e-01 3.779645e-01 3.779645e-01 3.779645e-01
-3.779645e-01 -3.779645e-01 0 -3.779645e-01 -3.779645e-01 -3.779645e-01 -3.779645e-01 -3.779645e-01
5.773503e-01 5.773503e-01 5.773503e-01 0 0 0 0 0
-5.773503e-01 -5.773503e-01 -5.773503e-01 0 0 0 0 0
5.000000e-01 5.000000e-01 5.000000e-01 0 0 0 0 5.000000e-01
-5.000000e-01 -5.000000e-01 -5.000000e-01 0 0 0 0 -5.000000e-01
5.000000e-01 5.000000e-01 5.000000e-01 0 0 0 5.000000e-01 0
-5.000000e-01 -5.000000e-01 -5.000000e-01 0 0 0 -5.000000e-01 0
4.472136e-01 4.472136e-01 4.472136e-01 0 0 0 4.472136e-01 4.472136e-01
-4.472136e-01 -4.472136e-01 -4.472136e-01 0 0 0 -4.472136e-01 -4.472136e-01
5.000000e-01 5.000000e-01 5.000000e-01 0 0 5.000000e-01 0 0
-5.000000e-01 -5.000000e-01 -5.000000e-01 0 0 -5.000000e-01 0 0
4.472136e-01 4.472136e-01 4.472136e-01 0 0 4.472136e-01 0 4.472136e-01
-4.472136e-01 -4.472136e-01 -4.472136e-01 0 0 -4.472136e-01 0 -4.472136e-01
4.472136e-01 4.472136e-01 4.472136e-01 0 0 4.472136e-01 4.472136e-01 0
-4.472136e-01 -4.472136e-01 -4.472136e-01 0 0 -4.472136e-01 -4.472136e-01 0
4.082483e-01 4.082483e-01 4.082483e-01 0 0 4.082483e-01 4.082483e-01 4.082483e-01
-4.082483e-01 -4.082483e-01 -4.082483e-01 0 0 -4.082483e-01 -4.082483e-01 -4.082483e-01
5.000000e-01 5.000000e-01 5.000000e-01 0 5.000000e-01 0 0 0
-5.000000e-01 -5.000000e-01 -5.000000e-01 0 -5.000000e-01 0 0 0
4.472136e-01 4.472136e-01 4.472136e-01 0 4.472136e-01 0 0 4.472136e-01
-4.472136e-01 -4.472136e-01 -4.472136e-01 0 -4.472136e-01 0 0 -4.472136e-01
4.472136e-01 4.472136e-01 4.472136e-01 0 4.472136e-01 0 4.472136e-01 0
-4.472136e-01 -4.472136e-01 -4.472136e-01 0 -4.472136e-01 0 -4.472136e-01 0
4.082483e-01 4.082483e-01 4.082483e-01 0 4.082483e-01 0 4.082483e-01 4.082483e-01
-4.082483e-01 -4.082483e-01 -4.082483e-01 0 -4.082483e-01 0 -4.082483e-01 -4.082483e-01
4.472136e-01 4.472136e-01 4.472136e-01 0 4.472136e-01 4.472136e-01 0 0
-4.472136e-01 -4.472136e-01 -4.472136e-01 0 -4.472136e-01 -4.472136e-01 0 0
4.082483e-01 4.082483e-01 4.082483e-01 0 4.082483e-01 4.082483e-01 0 4.082483e-01
-4.082483e-01 -4.082483e-01 -4.082483e-01 0 -4.082483e-01 -4.082483e-01 0 -4.082483e-01
4.082483e-01 4.082483e-01 4.082483e-01 0 4.082483e-01 4.082483e-01 4.082483e-01 0
-4.082483e-01 -4.082483e-01 -4.082483e-01 0 -4.082483e-01 -4.082483e-01 -4.082483e-01 0
3.779645e-01 3.779645e-01 3.779645e-01 0 3.779645e-01 3.779645e-01 3.779645e-01 3.779645e-01
-3.779645e-01 -3.779645e-01 -3.779645e-01 0 -3.779645e-01 -3.779645e-01 -3.779645e-01 -3.779645e-01
5.000000e-01 5.000000e-01 5.000000e-01 5.000000e-01 0 0 0 0
-5.000000e-01 -5.000000e-01 -5.000000e-01 -5.000000e-01 0 0 0 0
4.472136e-01 4.472136e-01 4.472136e-01 4.472136e-01 0 0 0 4.472136e-01
-4.472136e-01 -4.472136e-01 -4.472136e-01 -4.472136e-01 0 0 0 -4.472136e-01
4.472136e-01 4.472136e-01 4.472136e-01 4.472136e-01 0 0 4.472136e-01 0
-4.472136e-01 -4.472136e-01 -4.472136e-01 -4.472136e-01 0 0 -4.472136e-01 0
4.082483e-01 4.082483e-01 4.082483e-01 4.082483e-01 0 0 4.082483e-01 4.082483e-01
-4.082483e-01 -4.082483e-01 -4.082483e-01 -4.082483e-01 0 0 -4.082483e-01 -4.082483e-01
4.472136e-01 4.472136e-01 4.472136e-01 4.472136e-01 0 4.472136e-01 0 0
-4.472136e-01 -4.472136e-01 -4.472136e-01 -4.472136e-01 0 -4.472136e-01 0 0
4.082483e-01 4.082483e-01 4.082483e-01 4.082483e-01 0 4.082483e-01 0 4.082483e-01
-4.082483e-01 -4.082483e-01 -4.082483e-01 -4.082483e-01 0 -4.082483e-01 0 -4.082483e-01
4.082483e-01 4.082483e-01 4.082483e-01 4.082483e-01 0 4.082483e-01 4.082483e-01 0
-4.082483e-01 -4.082483e-01 -4.082483e-01 -4.082483e-01 0 -4.082483e-01 -4.082483e-01 0
3.779645e-01 3.779645e-01 3.779645e-01 3.779645e-01 0 3.779645e-01 3.779645e-01 3.779645e-01
-3.779645e-01 -3.779645e-01 -3.779645e-01 -3.779645e-01 0 -3.779645e-01 -3.779645e-01 -3.779645e-01
4.472136e-01 4.472136e-01 4.472136e-01 4.472136e-01 4.472136e-01 0 0 0
-4.472136e-01 -4.472136e-01 -4.472136e-01 -4.472136e-01 -4.472136e-01 0 0 0
4.082483e-01 4.082483e-01 4.082483e-01 4.082483e-01 4.082483e-01 0 0 4.082483e-01
-4.082483e-01 -4.082483e-01 -4.082483e-01 -4.082483e-01 -4.082483e-01 0 0 -4.082483e-01
4.082483e-01 4.082483e-01 4.082483e-01 4.082483e-01 4.082483e-01 0 4.082483e-01 0
-4.082483e-01 -4.082483e-01 -4.082483e-01 -4.082483e-01 -4.082483e-01 0 -4.082483e-01 0
3.779645e-01 3.779645e-01 3.779645e-01 3.779645e-01 3.779645e-01 0 3.779645e-01 3.779645e-01
-3.779645e-01 -3.779645e-01 -3.779645e-01 -3.779645e-01 -3.779645e-01 0 -3.779645e-01 -3.779645e-01
4.082483e-01 4.082483e-01 4.082483e-01 4.082483e-01 4.082483e-01 4.082483e-01 0 0
-4.082483e-01 -4.082483e-01 -4.082483e-01 -4.082483e-01 -4.082483e-01 -4.082483e-01 0 0
3.779645e-01 3.779645e-01 3.779645e-01 3.779645e-01 3.779645e-01 3.779645e-01 0 3.779645e-01
-3.779645e-01 -3.779645e-01 -3.779645e-01 -3.779645e-01 -3.779645e-01 -3.779645e-01 0 -3.779645e-01
3.779645e-01 3.779645e-01 3.779645e-01 3.779645e-01 3.779645e-01 3.779645e-01 3.779645e-01 0
-3.779645e-01 -3.779645e-01 -3.779645e-01 -3.779645e-01 -3.779645e-01 -3.779645e-01 -3.779645e-01 0
3.535534e-01 3.535534e-01 3.535534e-01 3.535534e-01 3.535534e-01 3.535534e-01 3.535534e-01 3.535534e-01
-3.535534e-01 -3.535534e-01 -3.535534e-01 -3.535534e-01 -3.535534e-01 -3.535534e-01 -3.535534e-01 -3.535534e-01
